   3.0000000000000000e+01   3.0000000000000000e+01   3.0000000000000000e+01   3.0000000000000000e+01
   1.6323002120910001e+09   0.0000000000000000e+00   1.2630900000000000e-02   0.0000000000000000e+00
   1.6323002162650001e+09   0.0000000000000000e+00   3.6391720000000000e-01   0.0000000000000000e+00
   1.6323002173420000e+09   0.0000000000000000e+00   2.7509599999999999e-02   0.0000000000000000e+00
   1.6323002194240000e+09   0.0000000000000000e+00   5.4931800000000003e-02   0.0000000000000000e+00
   1.6323002213180001e+09   0.0000000000000000e+00   4.5652199999999997e-02   0.0000000000000000e+00
   1.6323002233450000e+09   0.0000000000000000e+00   5.8766499999999999e-02   0.0000000000000000e+00
   1.6323002253160000e+09   0.0000000000000000e+00   2.7629899999999999e-02   0.0000000000000000e+00
   1.6323002273440001e+09   0.0000000000000000e+00   4.9679899999999999e-02   0.0000000000000000e+00
   1.6323002293610001e+09   0.0000000000000000e+00   4.7101299999999999e-02   0.0000000000000000e+00
   1.6323002313720000e+09   0.0000000000000000e+00   4.4212500000000002e-02   0.0000000000000000e+00
   1.6323002333570001e+09   0.0000000000000000e+00   2.8476200000000000e-02   0.0000000000000000e+00
   1.6323002353870001e+09   0.0000000000000000e+00   3.4341499999999997e-02   0.0000000000000000e+00
   1.6323002373650000e+09   0.0000000000000000e+00   8.4790000000000004e-03   0.0000000000000000e+00
   1.6323002393750000e+09   0.0000000000000000e+00   8.5587000000000007e-03   0.0000000000000000e+00
   1.6323002414389999e+09   0.0000000000000000e+00   4.6146300000000001e-02   0.0000000000000000e+00
   1.6323002434460001e+09   0.0000000000000000e+00   3.6398699999999999e-02   0.0000000000000000e+00
   1.6323002454879999e+09   0.0000000000000000e+00   4.2039899999999998e-02   0.0000000000000000e+00
   1.6323002474930000e+09   0.0000000000000000e+00   4.2684399999999997e-02   0.0000000000000000e+00
   1.6323002494940000e+09   0.0000000000000000e+00   4.5778800000000001e-02   0.0000000000000000e+00
   1.6323002515170000e+09   0.0000000000000000e+00   4.7756300000000002e-02   0.0000000000000000e+00
   1.6323002535650001e+09   0.0000000000000000e+00   3.5297599999999998e-02   0.0000000000000000e+00
   1.6323002555739999e+09   0.0000000000000000e+00   7.1417700000000001e-02   0.0000000000000000e+00
   1.6323002575460000e+09   0.0000000000000000e+00   3.9573200000000003e-02   0.0000000000000000e+00
   1.6323002595420001e+09   0.0000000000000000e+00   2.5658700000000000e-02   0.0000000000000000e+00
   1.6323002615390000e+09   0.0000000000000000e+00   1.0254700000000000e-02   0.0000000000000000e+00
   1.6323002635620000e+09   0.0000000000000000e+00   9.6871000000000006e-03   0.0000000000000000e+00
   1.6323002655669999e+09   0.0000000000000000e+00   1.2824600000000000e-02   0.0000000000000000e+00
   1.6323002677409999e+09   0.0000000000000000e+00   1.0845700000000000e-02   0.0000000000000000e+00
   1.6323002698120000e+09   0.0000000000000000e+00   2.5129400000000000e-02   0.0000000000000000e+00
   1.6323002718559999e+09   0.0000000000000000e+00   5.0565100000000002e-02   0.0000000000000000e+00
